0.00
0.00
21.98
21.98
21.98
43.96
43.96
43.96
65.94
65.94
65.94
87.92
87.92
87.92
109.90
109.90
109.90
131.88
131.88
131.88
153.86
153.86
153.86
175.84
175.84
175.84
197.82
197.82
197.82
219.80
219.80
219.80
241.78
241.78
241.78
241.78
241.78
263.76
263.76
263.76
285.74
285.74
285.74
307.72
307.72
307.72
329.70
307.72
329.70
329.70
329.70
351.68
351.68
351.68
373.66
373.66
373.66
395.64
395.64
395.64
417.62
417.62
417.62
439.60
439.60
439.60
461.58
461.58
461.58
483.56
483.56
483.56
505.54
483.56
505.54
505.54
505.54
527.52
527.52
527.52
549.50
549.50
549.50
571.48
571.48
571.48
571.48
571.48
593.46
593.46
593.46
615.44
615.44
615.44
637.42
637.42
637.42
659.40
659.40
659.40
681.38
681.38
681.38
703.36
703.36
703.36
725.34
725.34
725.34
747.32
747.32
747.32
747.32
747.32
769.30
769.30
769.30
791.28
791.28
791.28
813.26
813.26
813.26
835.24
835.24
835.24
857.22
857.22
857.22
879.20
879.20
879.20
901.18
901.18
901.18
923.16
923.16
923.16
945.14
945.14
945.14
967.12
967.12
967.12
989.10
989.10
989.10
1011.08
1011.08
1011.08
1033.06
1033.06
1033.06
1055.04
1055.04
1055.04
1077.02
1077.02
1077.02
1099.00
1077.02
1099.00
1099.00
1099.00
1120.98
1120.98
1120.98
1142.96
1142.96
1142.96
1164.94
1164.94
1164.94
1164.94
1164.94
1186.92
1186.92
1186.92
1208.90
1208.90
1208.90
1230.88
1230.88
1230.88
1252.86
1252.86
1252.86
1274.84
1274.84
1274.84
1296.82
1296.82
1296.82
1318.80
1318.80
1318.80
1340.78
1340.78
1340.78
1362.76
1362.76
1362.76
1384.74
1384.74
1384.74
1384.74
1384.74
1406.72
1406.72
1406.72
1428.70
1428.70
1428.70
1450.68
1450.68
1450.68
1472.66
1472.66
1472.66
1494.64
1494.64
1494.64
1516.62
1494.64
1494.64
1494.64
1516.62
1516.62
1516.62
1538.60
1538.60
1538.60
1560.58
1560.58
1560.58
1582.56
1582.56
1582.56
1604.54
1604.54
1604.54
1626.52
1626.52
1626.52
1648.50
1648.50
1648.50
1670.48
1670.48
1670.48
1692.46
1692.46
1692.46
1714.44
1714.44
1714.44
1736.42
1736.42
1736.42
1714.44
1736.42
1736.42
1736.42
1758.40
1758.40
1758.40
1780.38
1780.38
1780.38
1802.36
1802.36
1802.36
1824.34
1824.34
1824.34
1846.32
1846.32
1846.32
1868.30
1868.30
1868.30
1890.28
1890.28
1890.28
1912.26
1912.26
1912.26
1934.24
1934.24
1934.24
1956.22
1956.22
1956.22
1978.20
1978.20
1978.20
1978.20
1978.20
2000.18
2000.18
2000.18
2022.16
2022.16
2022.16
2044.14
2044.14
2044.14
2066.12
2066.12
2066.12
2088.10
2088.10
2088.10
2110.08
2110.08
2110.08
2132.06
2132.06
2132.06
2154.04
2154.04
2154.04
2176.02
2176.02
2176.02
2198.00
2198.00
2198.00
2219.98
2198.00
2198.00
2198.00
2219.98
2219.98
2219.98
2241.96
2241.96
2241.96
2263.94
2263.94
2263.94
2285.92
2285.92
2285.92
2307.90
2307.90
2307.90
2329.88
2329.88
2329.88
2351.86
2351.86
2351.86
2373.84
2373.84
2373.84
2395.82
2395.82
2395.82
2417.80
2417.80
2417.80
2439.78
2439.78
2439.78
2439.78
2439.78
2461.76
2461.76
2461.76
2483.74
2483.74
2483.74
